118,35
101,103
101,56
101,55
101,50
101,49
101,24
101,20
101,17
101,15
101,11
101,9
101,102
101,101
94,1
94,3
97,3
101,100
101,54
101,53
101,6
93,4
93,1
93,3
101,99
90,5
101,98
101,97
10,216
10,186
10,128
10,166
10,92
10,206
10,88
10,102
10,2
10,3
11,6
11,18
11,30
11,19
11,23
11,26
11,2
11,3
9,7
9,6
9,1
9,4
9,2
9,3
8,5
8,13
8,9
8,7
12,2
12,1
12,3
19,2
18,1
18,3
2,2
2,1
2,3
104,3
104,2
104,1
104,0
103,10
103,9
103,8
103,7
103,6
103,5
103,4
103,3
103,2
103,1
103,0
101,96
101,95
101,94
101,93
101,92
101,91
101,90
101,89
101,88
101,87
101,86
101,85
101,84
101,83
101,82
101,81
101,80
101,79
101,78
101,77
101,76
101,75
101,74
101,73
101,72
101,71
101,70
101,69
101,68
101,67
101,66
101,65
101,64
101,52
101,51
101,48
101,47
101,46
101,45
101,44
101,43
101,42
101,41
101,40
101,39
101,38
